#
1
P
1
2
4
5
6
7
8
11
15
18
19
28
#
2
P
1
2
4
5
6
7
8
11
15
18
19
28
#
3
F
1
2
4
5
6
7
8
11
15
18
19
28
#
4
F
1
2
4
5
6
7
8
11
15
18
19
28
#
5
F
1
2
4
5
6
7
8
11
15
18
19
28
#
6
F
1
2
4
5
6
7
8
11
15
18
19
28
#
7
F
1
2
4
5
6
7
8
11
15
18
19
28
#
8
F
1
2
4
5
6
7
8
11
15
18
19
28
#
9
F
1
2
4
5
6
7
8
11
15
18
19
28
#
10
F
1
2
4
5
6
7
8
11
15
18
19
28
#
11
F
1
2
4
5
6
7
8
11
15
18
19
28
##
4
25
37
##
